Surface 0 1 0 1.3 0.25 0.25 1.0 1 0 0 end
Surface 1 0 0 1.3 1.0 1.0 0 1 0 0 end
Surface 0 0 1 -4 1.0 1.0 1.0 1 0 0 end
Surface 0 1 0 -1.3 0.0 1.0 0.0 1 0 0 end
Surface 1 0 0 -1.3 1.0 1.0 1.0 1 0 0 end
AreaLightSource 0 1 0 2.5 -1 -2.5 2.5 1 -2.5 3 1 end
PointLightSource 0 0 0 1 end
Sphere -0.25 -0.5 2.2 0.25 1 0 0 0.5 0.25 0.25 0 2 0 end
Sphere 0 0.4 2.5 0.25 0 1.0 1.0 0 0.5 0.5 0 2 0 end 
Sphere -0.5 0.75 3 0.25 1 0 0 1 0 0 0 2 0 end 
Sphere -1 0.2 3.5 0.25 1.0 1.0 0 0.4 0.3 0.3 0 1.5 0 end 
Bezier 2 2
1.25 0.5 2.3  1 1 2.5  0.3 0.5 3  
1.2 0 2.3  1.2 0 2.5  1.2 0 3  
1.25 -0.5 2.3  1 -1 2.5  0.3 -0.5 3  
 1 1 0 1 0 0 2 end
Camera 0 0 0 end
Run


Sphere 0.75 -0.5 2.2 0.25 1 0 0 0.5 0.25 0.25 0 2 0 end
Sphere 0.75 0.5 2.5 0.25 0 1.0 1.0 0 0.5 0.5 0 2 0 end 


Bezier 2 2 -30 0 40 -30 10 50 -30 20 60 10 0 70 10 10 75 10 20 80 20 0 90 20 10 100 20 20 110 1.0 1.0 1.0 1 0 0 1 end

Surface 0 0 1 -100 1.0 1.0 0.0 1 0 0 end
PointLightSource -9.5 0 30 0.1 end

Sphere 0 -8.5 40 1 1 0 0 0 0.5 0.5 0.1 2 1 end

PointLightSource 0 -6 45 1 end
PointLightSource 0 0 25 1 end


AreaLightSource 1 0 0 -9.5 9.5 -1 7 9.5 1 8 1 end
AreaLightSource 1 0 0 9.5 -9.5 -1 7 -9.5 1 8 1 end
Bezier 2 2 -0.75 -1.25 12 0 -0.75 10 0.75 -0.25 11 -0.75 0 8 0 0 8 0.75 0 8 -0.75 0.75 12 0 0.5 10 0.75 0.25 11 1 1 0 1 0 0 2 end 
Bezier 3 3 -2.99 -2.99 9 -2 -1.5 9 -2 0 14.5 -2.99 2 14   -1.5 -2.99 12 -1 -1.5 9 -1.5 0 9 -1 2 12   0 -2.99 14 1 -1.5 9 0 0 9 1 2 14   1.5 -2.99 12 2 -1.5 9 1.5 0 9 2 2 12 1 1 0 1 0 0 2 end 

Bezier 4 4 
2.0 -2.9 8  1.0 -2 10  0.0 -2.9 12  -1.0 -2 10  -2.0 -2.9 8
2.0 -1 12  1.0 -1.5 7  0.0 -1 8  -1.0 -1.5 7  -2.0 -1 12 
2.0 -0.5 8  1.0 0 10  0.0 -0.5 12  -1.0 0 10  -2.0 -0.5 8 
2.0 1 12  1.0 0.5 7  0.0 1 8  -1.0 0.5 7  -2.0 1 12 
2.0 2 8  1.0 1.5 10  0.0 2 12  -1.0 1.5 10  -2.0 2 8  1 1 0 1 0 0 2 end  

Surface 0 1 0 1.3 0.25 0.25 1.0 1 0 0 end
Surface 1 0 0 1.3 1.0 1.0 0 1 0 0 end
Surface 0 0 1 -4 1.0 1.0 1.0 1 0 0 end
Surface 0 1 0 -1.3 0.0 1.0 0.0 1 0 0 end
Surface 1 0 0 -1.01 1.0 1.0 1.0 1 0 0 end
Sphere 0.75 -0.5 2.2 0.25 1 0 0 0.5 0.25 0.25 0 2 0 end
Sphere 0.75 0.5 2.5 0.25 0 1.0 1.0 0 0.5 0.5 0 2 0 end 
AreaLightSource 0 1 0 2.5 -1 -2.5 2.5 1 -2.5 3 1 end
PointLightSource 0 0 0 1 end
Bezier 4 4 
0.5 -0.58 3  0.25 -0.5 3.25  0.0 -0.58 3.99  -0.25 -0.5 3.5  -0.5 -0.58 3
0.5 -0.25 3.99  0.25 -0.375 2.8  0.0 -0.25 3  -0.25 -0.375 3  -0.5 -0.25 3.99 
0.5 -0.125 3  0.25 0 3.5  0.0 -0.125 3.99  -0.25 0 3.5  -0.5 -0.125 3 
0.5 0.25 3.99  0.25 0.125 2.8  0.0 0.25 3  -0.25 0.125 2.8  -0.5 0.25 3.99 
0.5 0.5 3  0.25 0.375 3.5  0.0 0.5 3.99  -0.25 0.375 3.5  -0.5 0.5 3  1 1 0 1 0 0 2 end  
